%YAML:1.0

cam0:
  T_cam_imu:
    - [0.9993774151115349, -0.015719133643653568, 0.03158624704646934, 0.011825662219891713]
    - [0.015778798334022934, 0.999874161125632, -0.0016405597973063511, -0.0034512333561277403]
    - [-0.03155648408999123, 0.002137931431842791, 0.9994996836222969, -0.02564977049814839]
    - [0.0, 0.0, 0.0, 1.0]
  cam_overlaps: []
  camera_model: pinhole
  distortion_coeffs: [0.49481949978765166, -0.061208805515004606, -0.888610405318038, 2.3443484562620904]
  distortion_model: equidistant
  intrinsics: [883.8298436034464, 883.5727408989271, 648.1554251486499, 366.5166228673693]
  resolution: [1280, 720]
  rostopic: /camera/color/image_raw
  timeshift_cam_imu: 0.0065984319675892675
